-0.034668 -0.026855 -1.049805
-0.031250 -0.029297 -1.059570
-0.032227 -0.029297 -1.059570
-0.026367 -0.028809 -1.056641
-0.034668 -0.033691 -1.046875
-0.031250 -0.029785 -1.042480
-0.034668 -0.021484 -1.045898
-0.022949 -0.028320 -1.051758
-0.025879 -0.029297 -1.049805
-0.031250 -0.028809 -1.052246
-0.041504 -0.022461 -1.066895
-0.031250 -0.032227 -1.050293
-0.030273 -0.021484 -1.054688
-0.028320 -0.034180 -1.051270
-0.038574 -0.033691 -1.067871
-0.041016 -0.023926 -1.046387
-0.029297 -0.020996 -1.040527
-0.037598 -0.027344 -1.069824
-0.027344 -0.036133 -1.048828
-0.036621 -0.020508 -1.054688
-0.032715 -0.034180 -1.050293
-0.031250 -0.022949 -1.029297
-0.028809 -0.028809 -1.037598
-0.022461 -0.032227 -1.064453
-0.041016 -0.026367 -1.045898
-0.030273 -0.028320 -1.039063
-0.031250 -0.024902 -1.049316
-0.026367 -0.021484 -1.048828
-0.037598 -0.028809 -1.051758
-0.033203 -0.028809 -1.056641
-0.031738 -0.032715 -1.062500
-0.029297 -0.026855 -1.049805
-0.032715 -0.029297 -1.048828
-0.027344 -0.027344 -1.050781
-0.027344 -0.034668 -1.057129
-0.026855 -0.020020 -1.047363
-0.030273 -0.024902 -1.049805
-0.034180 -0.026855 -1.043457
-0.036621 -0.028320 -1.037109
-0.039551 -0.022461 -1.051758
-0.033691 -0.027344 -1.047852
-0.032715 -0.023926 -1.056152
-0.025391 -0.029297 -1.057617
-0.031738 -0.027832 -1.046875
-0.029297 -0.028320 -1.042969
-0.028809 -0.021484 -1.059082
-0.034668 -0.029297 -1.047363
-0.030273 -0.024902 -1.062988
-0.038574 -0.025879 -1.049805
-0.031250 -0.031738 -1.043945
-0.034180 -0.031738 -1.048340
-0.028809 -0.025391 -1.053223
-0.022949 -0.022949 -1.050781
-0.026855 -0.026855 -1.058594
-0.028809 -0.022461 -1.039063
-0.032227 -0.022461 -1.040039
-0.033691 -0.022949 -1.035645
-0.031250 -0.033691 -1.054688
-0.041016 -0.026367 -1.041016
-0.029785 -0.027832 -1.052246
-0.026855 -0.035645 -1.046387
-0.035156 -0.025879 -1.043457
-0.037598 -0.031738 -1.041504
-0.030273 -0.030762 -1.046387
-0.034668 -0.025879 -1.046875
-0.034180 -0.031250 -1.049805
-0.029297 -0.029785 -1.033691
-0.027344 -0.026367 -1.056641
-0.029785 -0.024414 -1.052246
-0.022949 -0.025879 -1.044922
-0.022461 -0.027832 -1.051758
-0.034180 -0.034180 -1.061523
-0.026855 -0.030762 -1.046387
-0.037598 -0.033203 -1.042969
-0.029785 -0.025879 -1.049316
-0.033203 -0.034180 -1.056641
-0.037598 -0.026855 -1.048828
-0.037598 -0.022949 -1.046387
-0.029297 -0.030762 -1.052734
-0.028809 -0.037598 -1.046875
-0.033203 -0.026367 -1.049316
-0.028320 -0.025879 -1.048828
-0.031250 -0.018555 -1.053223
-0.039063 -0.033691 -1.057617
-0.031738 -0.033203 -1.034180
-0.026855 -0.020996 -1.046875
-0.038086 -0.025879 -1.047363
-0.034180 -0.035645 -1.057129
-0.028809 -0.029785 -1.047852
-0.035156 -0.022461 -1.043945
-0.035645 -0.029297 -1.044922
-0.022949 -0.036133 -1.055176
-0.034668 -0.029785 -1.056641
-0.034180 -0.032227 -1.050781
-0.025391 -0.027344 -1.058594
-0.032715 -0.032227 -1.047363
-0.029785 -0.023926 -1.054199
-0.026367 -0.026855 -1.055176
-0.029785 -0.027344 -1.036621