-0.963	0.296
-3.051	0.937
-5.071	1.559
-6.531	2.002
-7.389	2.243
-7.782	2.335
-7.898	2.340
-7.884	2.295
-7.821	2.240
-7.778	2.203
-7.780	2.182
-7.805	2.171
-7.843	2.160
-7.901	2.153
-7.977	2.156
-8.060	2.156
-8.138	2.159
-8.202	2.169
-8.245	2.178
-8.271	2.177
-8.314	2.154
-8.372	2.141
-8.429	2.130
-8.500	2.096
-8.582	2.069
-8.657	2.059
-8.714	2.062
-8.762	2.073
-8.800	2.086
-8.837	2.093
-8.894	2.094
-8.959	2.073
-9.015	2.039
-9.049	2.026
-9.085	2.026
-9.137	2.020
-9.176	2.017
-9.200	2.019
-9.236	2.011
-9.281	1.998
-9.326	1.988
-9.358	1.973
-9.392	1.959
-9.441	1.959
-9.481	1.968
-9.517	1.959
-9.555	1.947
-9.595	1.938
-9.624	1.933
-9.654	1.938
-9.702	1.926
-9.760	1.903
-9.822	1.897
-9.863	1.894
-9.885	1.883
-9.908	1.878
-9.945	1.859
-9.959	1.822
-9.950	1.836
-9.949	1.872
-9.988	1.855
-10.098	1.822
-10.194	1.786
-10.232	1.767
-10.259	1.782
-10.275	1.799
-10.275	1.793
-10.290	1.767
-10.327	1.733
-10.345	1.715
-10.362	1.721
-10.402	1.716
-10.443	1.697
-10.472	1.683
-10.479	1.668
-10.478	1.670
-10.482	1.680
-10.523	1.655
-10.596	1.613
-10.611	1.606
-10.577	1.630
-10.582	1.631
-10.616	1.614
-10.658	1.601
-10.711	1.572
-10.759	1.548
-10.778	1.544
-10.792	1.541
-10.808	1.544
-10.810	1.553
-10.819	1.551
-10.816	1.539
-10.799	1.517
-10.785	1.485
-10.777	1.456
-10.789	1.433
-10.813	1.417
-10.838	1.402
-10.844	1.397
-10.830	1.411
-10.828	1.410
-10.834	1.385
-10.835	1.353
-10.850	1.338
-10.862	1.335
-10.872	1.327
-10.895	1.325
-10.924	1.330
-10.944	1.336
-10.950	1.324
-10.955	1.295
-10.947	1.274
-10.941	1.264
-10.954	1.247
-10.956	1.234
-10.950	1.224
-10.945	1.205
-10.933	1.177
-10.924	1.158
-10.912	1.148
-10.919	1.144
-10.941	1.141
-10.942	1.121
-10.940	1.101
-10.943	1.091
-10.937	1.079
-10.919	1.063
-10.884	1.053
-10.840	1.045
-10.825	1.045
-10.828	1.052
-10.831	1.045
-10.831	1.028
-10.822	1.004
-10.831	0.980
-10.850	0.960
-10.857	0.946
-10.838	0.942
-10.802	0.936
-10.766	0.930
-10.741	0.925
-10.746	0.922
-10.749	0.914
-10.719	0.895
-10.699	0.874
-10.685	0.856
-10.670	0.829
-10.670	0.806
-10.656	0.792
-10.624	0.779
-10.589	0.766
-10.558	0.757
-10.529	0.753
-10.486	0.759
-10.452	0.770
-10.453	0.771
-10.469	0.757
-10.470	0.726
-10.442	0.693
-10.391	0.671
-10.342	0.656
-10.328	0.641
-10.315	0.625
-10.272	0.617
-10.240	0.601
-10.226	0.574
-10.222	0.559
-10.219	0.559
-10.209	0.557
-10.188	0.545
-10.140	0.534
-10.099	0.521
-10.078	0.507
-10.059	0.496
-10.038	0.487
-10.006	0.475
-9.967	0.460
-9.921	0.447
-9.871	0.431
-9.838	0.430
-9.826	0.445
-9.807	0.446
-9.779	0.438
-9.745	0.420
-9.706	0.398
-9.690	0.374
-9.681	0.352
-9.626	0.347
-9.531	0.354
-9.475	0.342
-9.456	0.310
-9.417	0.295
-9.373	0.296
-9.348	0.300
-9.335	0.299
-9.299	0.268
-9.256	0.225
-9.221	0.190
-9.183	0.175
-9.166	0.181
-9.151	0.181
-9.124	0.173
-9.096	0.160
-9.048	0.149
-9.008	0.143
-8.989	0.129
-8.957	0.116
-8.905	0.125
-8.842	0.130
-8.789	0.114
-8.735	0.091
-8.673	0.075
-8.631	0.066
-8.611	0.054
-8.596	0.047
-8.567	0.034
-8.530	0.014
-8.493	-0.004
-8.438	-0.017
-8.372	-0.014
-8.325	-0.018
-8.287	-0.030
-8.254	-0.028
-8.224	-0.028
-8.200	-0.024
-8.160	-0.014
-8.118	-0.015
-8.095	-0.020
-8.050	-0.040
-7.989	-0.073
-7.913	-0.097
-7.827	-0.129
-7.768	-0.156
-7.745	-0.162
-7.732	-0.160
-7.690	-0.141
-7.639	-0.117
-7.596	-0.108
-7.547	-0.101
-7.487	-0.103
-7.424	-0.120
-7.366	-0.146
-7.318	-0.163
-7.281	-0.173
-7.235	-0.181
-7.182	-0.178
-7.122	-0.183
-7.062	-0.197
-7.028	-0.206
-6.999	-0.226
-6.954	-0.239
-6.915	-0.246
-6.869	-0.257
-6.819	-0.257
-6.758	-0.262
-6.699	-0.290
-6.674	-0.335
-6.652	-0.355
-6.598	-0.343
-6.525	-0.327
-6.465	-0.311
-6.427	-0.301
-6.395	-0.300
-6.361	-0.305
-6.309	-0.319
-6.241	-0.350
-6.205	-0.379
-6.175	-0.396
-6.113	-0.408
-6.038	-0.420
-5.966	-0.426
-5.903	-0.423
-5.858	-0.432
-5.840	-0.451
-5.839	-0.467
-5.813	-0.472
-5.765	-0.463
-5.722	-0.444
-5.666	-0.436
-5.595	-0.437
-5.535	-0.444
-5.470	-0.458
-5.400	-0.471
-5.346	-0.455
-5.322	-0.431
-5.315	-0.431
-5.281	-0.447
-5.239	-0.455
-5.208	-0.458
-5.164	-0.483
-5.099	-0.506
-5.024	-0.515
-4.968	-0.522
-4.931	-0.524
-4.900	-0.528
-4.862	-0.538
-4.818	-0.543
-4.785	-0.549
-4.757	-0.555
-4.712	-0.546
-4.646	-0.533
-4.577	-0.521
-4.521	-0.508
-4.495	-0.516
-4.471	-0.538
-4.411	-0.545
-4.349	-0.545
-4.298	-0.552
-4.259	-0.569
-4.241	-0.589
-4.222	-0.609
-4.194	-0.623
-4.159	-0.618
-4.102	-0.603
-4.043	-0.589
-4.002	-0.588
-3.936	-0.602
-3.870	-0.606
-3.825	-0.599
-3.785	-0.609
-3.740	-0.618
-3.688	-0.624
-3.642	-0.634
-3.595	-0.640
-3.561	-0.638
-3.551	-0.630
-3.532	-0.632
-3.498	-0.631
-3.454	-0.627
-3.405	-0.619
-3.341	-0.608
-3.275	-0.611
-3.240	-0.625
-3.211	-0.648
-3.165	-0.670
-3.111	-0.673
-3.073	-0.662
-3.062	-0.651
-3.038	-0.641
-2.988	-0.649
-2.943	-0.671
-2.911	-0.677
-2.875	-0.680
-2.833	-0.684
-2.791	-0.675
-2.765	-0.667
-2.767	-0.662
-2.767	-0.662
-2.725	-0.660
-2.669	-0.657
-2.638	-0.671
-2.604	-0.683
-2.567	-0.688
-2.516	-0.688
-2.464	-0.696
-2.436	-0.714
-2.417	-0.730
-2.395	-0.727
-2.361	-0.716
-2.332	-0.722
-2.301	-0.717
-2.251	-0.716
-2.197	-0.729
-2.167	-0.726
-2.147	-0.719
-2.113	-0.710
-2.078	-0.698
-2.047	-0.683
-2.019	-0.680
-2.000	-0.684
-1.972	-0.668
-1.957	-0.647
-1.960	-0.645
-1.952	-0.665
-1.926	-0.685
-1.889	-0.692
-1.856	-0.684
-1.826	-0.666
-1.811	-0.659
-1.769	-0.663
-1.703	-0.668
-1.658	-0.682
-1.615	-0.689
-1.577	-0.695
-1.545	-0.708
-1.526	-0.710
-1.509	-0.698
-1.498	-0.675
-1.490	-0.658
-1.470	-0.659
-1.441	-0.661
-1.407	-0.660
-1.385	-0.662
-1.381	-0.667
-1.383	-0.687
-1.383	-0.706
-1.384	-0.717
-1.371	-0.726
-1.338	-0.717
-1.298	-0.696
-1.258	-0.687
-1.216	-0.688
-1.182	-0.675
-1.165	-0.658
-1.161	-0.656
-1.148	-0.672
-1.122	-0.685
-1.112	-0.689
-1.103	-0.689
-1.079	-0.678
-1.048	-0.665
-1.026	-0.651
-1.018	-0.639
-1.021	-0.640
-1.031	-0.647
-1.024	-0.652
-0.999	-0.648
-0.977	-0.652
-0.954	-0.670
-0.934	-0.684
-0.915	-0.687
-0.883	-0.677
-0.859	-0.673
-0.844	-0.675
-0.835	-0.672
-0.828	-0.660
-0.813	-0.646
-0.804	-0.649
-0.789	-0.672
-0.759	-0.693
-0.735	-0.688
-0.737	-0.671
-0.750	-0.662
-0.749	-0.650
-0.730	-0.644
-0.705	-0.636
-0.688	-0.627
-0.684	-0.625
-0.675	-0.632
-0.658	-0.644
-0.651	-0.662
-0.645	-0.684
-0.639	-0.692
-0.627	-0.679
-0.614	-0.656
-0.623	-0.648
-0.635	-0.641
-0.625	-0.635
-0.588	-0.652
-0.549	-0.674
-0.539	-0.678
-0.548	-0.663
-0.557	-0.653
-0.570	-0.643
-0.565	-0.632
-0.532	-0.621
-0.514	-0.613
-0.503	-0.598
-0.480	-0.593
-0.464	-0.600
-0.472	-0.611
-0.493	-0.625
-0.511	-0.622
-0.518	-0.613
-0.503	-0.608
-0.489	-0.614
-0.472	-0.619
-0.439	-0.614
-0.419	-0.607
-0.416	-0.618
-0.428	-0.635
-0.449	-0.649
-0.441	-0.647
-0.399	-0.641
-0.358	-0.636
-0.347	-0.628
-0.346	-0.624
-0.343	-0.622
-0.342	-0.624
-0.337	-0.612
-0.333	-0.593
-0.339	-0.594
-0.332	-0.611
-0.320	-0.623
-0.310	-0.606
-0.291	-0.576
-0.294	-0.567
-0.301	-0.565
-0.291	-0.559
-0.276	-0.553
-0.268	-0.551
-0.282	-0.553
-0.301	-0.566
-0.293	-0.592
-0.269	-0.608
-0.252	-0.625
-0.237	-0.634
-0.220	-0.621
-0.199	-0.590
-0.198	-0.559
-0.217	-0.551
-0.238	-0.552
-0.248	-0.548
-0.233	-0.558
-0.213	-0.568
-0.216	-0.577
-0.225	-0.593
-0.218	-0.591
-0.209	-0.581
-0.204	-0.578
-0.207	-0.587
-0.216	-0.584
-0.205	-0.560
-0.190	-0.548
-0.204	-0.556
-0.210	-0.553
-0.196	-0.547
-0.177	-0.544
-0.160	-0.540
-0.158	-0.537
-0.167	-0.539
-0.192	-0.560
-0.206	-0.585
-0.192	-0.582
-0.171	-0.559
-0.144	-0.542
-0.132	-0.536
-0.139	-0.537
-0.133	-0.541
-0.115	-0.535
-0.105	-0.526
-0.114	-0.525
-0.141	-0.543
-0.163	-0.557
-0.180	-0.565
-0.199	-0.565
-0.204	-0.573
-0.185	-0.577
-0.146	-0.571
-0.122	-0.571
-0.124	-0.562
-0.130	-0.538
-0.127	-0.515
-0.126	-0.513
-0.126	-0.516
-0.118	-0.520
-0.113	-0.529
-0.109	-0.536
-0.102	-0.538
-0.091	-0.533
-0.087	-0.517
-0.105	-0.500
-0.127	-0.505
-0.122	-0.510
-0.097	-0.513
-0.080	-0.512
-0.075	-0.503
-0.076	-0.509
-0.085	-0.516
-0.100	-0.515
-0.107	-0.519
-0.098	-0.521
-0.089	-0.518
-0.085	-0.522
-0.087	-0.528
-0.103	-0.541
-0.109	-0.542
-0.088	-0.532
-0.057	-0.524
-0.019	-0.508
-0.002	-0.495
-0.028	-0.510
-0.068	-0.525
-0.100	-0.520
-0.116	-0.518
-0.115	-0.530
-0.099	-0.530
-0.072	-0.518
-0.064	-0.518
-0.092	-0.528
-0.101	-0.536
-0.085	-0.528
-0.070	-0.507
-0.068	-0.501
-0.069	-0.516
-0.062	-0.534
-0.064	-0.533
-0.075	-0.512
-0.087	-0.509
-0.079	-0.504
-0.058	-0.498
-0.052	-0.501
-0.068	-0.496
-0.088	-0.495
-0.082	-0.508
-0.062	-0.514
-0.051	-0.514
-0.046	-0.506
-0.052	-0.497
-0.056	-0.514
-0.056	-0.533
-0.058	-0.536
-0.055	-0.523
-0.050	-0.505
-0.044	-0.483
-0.033	-0.473
-0.030	-0.484
-0.030	-0.490
-0.021	-0.498
-0.006	-0.526
-0.004	-0.544
-0.011	-0.533
0.004	-0.519
-0.001	-0.522
-0.036	-0.526
-0.061	-0.530
-0.066	-0.527
-0.057	-0.526
-0.049	-0.521
-0.050	-0.503
-0.045	-0.491
-0.038	-0.483
-0.041	-0.480
-0.056	-0.476
-0.052	-0.489
-0.016	-0.519
0.015	-0.505
0.027	-0.493
0.009	-0.503
-0.021	-0.506
-0.021	-0.508
-0.021	-0.509
-0.018	-0.486
-0.030	-0.463
-0.053	-0.474
-0.055	-0.489
-0.044	-0.482
-0.020	-0.477
-0.005	-0.476
-0.017	-0.469
-0.034	-0.461
-0.038	-0.463
-0.027	-0.463
-0.014	-0.464
-0.011	-0.472
-0.009	-0.475
-0.022	-0.478
-0.038	-0.476
-0.040	-0.458
-0.024	-0.444
0.007	-0.436
0.025	-0.434
0.006	-0.454
-0.015	-0.470
-0.021	-0.468
-0.023	-0.467
-0.024	-0.466
-0.020	-0.468
-0.009	-0.468
-0.008	-0.469
-0.010	-0.459
-0.018	-0.435
-0.027	-0.429
-0.021	-0.436
-0.020	-0.453
-0.036	-0.475
-0.055	-0.485
-0.063	-0.478
-0.062	-0.479
-0.073	-0.486
-0.088	-0.483
-0.083	-0.471
-0.064	-0.453
-0.048	-0.442
-0.032	-0.428
-0.021	-0.404
-0.024	-0.385
-0.027	-0.394
-0.004	-0.430
0.044	-0.453
0.074	-0.455
0.084	-0.451
0.066	-0.435
0.032	-0.406
0.000	-0.398
-0.022	-0.411
-0.018	-0.421
-0.011	-0.429
-0.024	-0.426
-0.033	-0.411
-0.021	-0.399
-0.004	-0.393
0.013	-0.408
0.034	-0.436
0.053	-0.452
0.058	-0.437
0.052	-0.374
0.064	-0.327
0.101	-0.344
0.123	-0.367
0.129	-0.385
0.144	-0.408
0.107	-0.407
0.025	-0.393
-0.039	-0.389
-0.073	-0.378
-0.077	-0.366
-0.071	-0.363
-0.022	-0.376
0.039	-0.396
0.075	-0.414
0.087	-0.423
0.059	-0.437
0.015	-0.433
-0.006	-0.414
-0.007	-0.400
-0.019	-0.394
-0.049	-0.401
-0.078	-0.406
-0.079	-0.416
-0.051	-0.432
-0.011	-0.434
0.007	-0.421
-0.013	-0.416
-0.027	-0.418
-0.036	-0.410
-0.049	-0.403
-0.032	-0.395
-0.023	-0.390
-0.009	-0.398
0.009	-0.407
0.012	-0.422
0.014	-0.444
-0.019	-0.451
-0.055	-0.437
-0.054	-0.412
-0.047	-0.378
-0.026	-0.356
-0.001	-0.363
-0.004	-0.380
-0.008	-0.394
-0.006	-0.384
-0.001	-0.374
0.013	-0.368
0.007	-0.352
-0.010	-0.350
-0.029	-0.377
-0.044	-0.398
-0.042	-0.402
-0.034	-0.396
-0.021	-0.398
-0.007	-0.398
0.008	-0.391
0.020	-0.390
0.025	-0.391
0.023	-0.394
0.006	-0.393
-0.017	-0.381
-0.029	-0.375
-0.019	-0.381
0.008	-0.395
0.036	-0.397
0.063	-0.386
0.071	-0.382
0.055	-0.382
0.035	-0.375
0.029	-0.359
0.041	-0.348
0.061	-0.354
0.061	-0.375
0.038	-0.395
-0.000	-0.401
-0.036	-0.399
-0.049	-0.408
-0.043	-0.421
-0.026	-0.414
-0.009	-0.399
0.009	-0.388
0.021	-0.368
0.023	-0.358
0.010	-0.359
-0.033	-0.357
-0.074	-0.353
-0.085	-0.349
-0.086	-0.354
-0.075	-0.370
-0.047	-0.374
0.013	-0.393
0.080	-0.425
0.072	-0.431
0.040	-0.377
-0.000	-0.319
-0.065	-0.286
-0.107	-0.271
-0.105	-0.276
-0.092	-0.293
-0.084	-0.317
-0.050	-0.321
-0.011	-0.328
0.043	-0.307
0.015	-0.293
-0.052	-0.360
0.013	-0.382
0.045	-0.369
-0.003	-0.380
-0.056	-0.380
-0.072	-0.353
-0.046	-0.334
-0.001	-0.333
0.026	-0.315
0.010	-0.309
-0.061	-0.307
-0.201	-0.280
-0.303	-0.291
-0.258	-0.294
-0.144	-0.304
-0.079	-0.355
-0.024	-0.363
0.011	-0.358
0.016	-0.338
-0.027	-0.329
-0.063	-0.324
-0.056	-0.341
0.086	-0.374
0.283	-0.388
0.308	-0.392
0.179	-0.355
0.064	-0.311
-0.004	-0.291
-0.093	-0.276
-0.092	-0.259
-0.068	-0.329
-0.050	-0.396
-0.009	-0.410
0.006	-0.401
0.015	-0.358
0.005	-0.314
-0.001	-0.283
0.014	-0.290
0.048	-0.310
0.051	-0.326
-0.011	-0.329
-0.037	-0.332
0.016	-0.325
0.114	-0.297
0.117	-0.324
0.049	-0.374
0.058	-0.381
0.079	-0.363
0.091	-0.336
0.097	-0.331
0.149	-0.351
0.204	-0.355
0.232	-0.309
0.271	-0.294
0.260	-0.371
0.240	-0.449
0.228	-0.480
0.202	-0.488
0.181	-0.456
0.165	-0.392
0.128	-0.333
0.059	-0.307
-0.036	-0.292
-0.105	-0.288
-0.089	-0.296
-0.026	-0.310
0.094	-0.317
0.161	-0.335
0.111	-0.357
0.032	-0.355
-0.047	-0.353
-0.090	-0.336
-0.078	-0.326
-0.051	-0.312
-0.028	-0.299
0.004	-0.307
0.027	-0.335
-0.009	-0.358
-0.022	-0.331
-0.041	-0.298
-0.575	0.534
-1.002	1.241
-0.373	1.057
-0.316	0.674
-0.777	0.255
0.394	-1.990
0.775	-3.527
-1.073	-2.822
-1.119	-2.070
-0.445	-1.186
-0.586	-0.639
-0.085	-0.307
0.142	-0.180
0.037	-0.101
0.046	-0.087
-0.015	-0.121
-0.152	-0.168
-0.114	-0.165
-0.088	-0.169
-0.139	-0.167
-0.190	-0.154
-0.210	-0.145
-0.259	-0.139
-0.315	-0.145
-0.341	-0.150
-0.350	-0.142
-0.330	-0.139
-0.290	-0.151
-0.252	-0.149
-0.218	-0.132
-0.187	-0.111
-0.153	-0.109
-0.111	-0.122
-0.087	-0.173
-0.059	-0.232
-0.029	-0.262
-0.024	-0.254
-0.052	-0.211
-0.100	-0.179
-0.122	-0.188
-0.123	-0.215
-0.099	-0.233
-0.070	-0.235
-0.049	-0.229
-0.022	-0.242
-0.006	-0.244
-0.022	-0.228
-0.055	-0.208
-0.084	-0.202
-0.098	-0.215
-0.106	-0.217
-0.131	-0.199
-0.161	-0.184
-0.182	-0.170
-0.178	-0.187
-0.125	-0.249
-0.028	-0.322
0.071	-0.393
0.127	-0.420
0.128	-0.426
0.033	-0.441
-0.046	-0.403
-0.054	-0.324
-0.097	-0.248
-0.096	-0.194
-0.087	-0.146
-0.078	-0.123
-0.069	-0.118
-0.084	-0.052
-0.134	-0.060
-0.132	-0.156
-0.059	-0.174
-0.090	-0.156
-0.151	-0.149
-0.218	-0.134
-0.308	-0.092
-0.335	-0.026
-0.323	0.037
-0.312	0.058
-0.291	0.034
-0.256	-0.005
-0.213	-0.041
-0.174	-0.059
-0.144	-0.085
-0.103	-0.111
-0.072	-0.104
-0.108	-0.079
-0.188	-0.049
-0.249	-0.037
-0.270	-0.058
-0.256	-0.080
-0.205	-0.111
-0.107	-0.157
-0.025	-0.193
-0.017	-0.202
-0.034	-0.192
-0.067	-0.164
-0.093	-0.135
-0.082	-0.129
-0.084	-0.149
-0.106	-0.178
-0.115	-0.177
-0.126	-0.152
-0.156	-0.104
-0.158	-0.059
-0.128	-0.068
-0.102	-0.123
-0.067	-0.191
-0.010	-0.259
0.055	-0.322
0.086	-0.378
0.071	-0.379
0.016	-0.333
-0.067	-0.236
-0.141	-0.140
-0.200	-0.044
-0.252	0.063
-0.303	0.131
-0.325	0.185
-0.299	0.202
-0.276	0.158
-0.257	0.077
-0.215	-0.013
-0.170	-0.009
-0.145	0.001
-0.092	-0.057
-0.021	-0.108
-0.018	-0.160
-0.039	-0.181
-0.056	-0.201
-0.085	-0.215
-0.117	-0.210
-0.121	-0.212
-0.089	-0.233
-0.049	-0.263
-0.029	-0.200
-0.098	-0.116
-0.117	-0.139
-0.047	-0.159
-0.062	-0.156
-0.082	-0.156
-0.064	-0.166
-0.044	-0.197
-0.008	-0.232
0.044	-0.249
0.077	-0.244
0.072	-0.229
0.067	-0.218
0.048	-0.212
0.009	-0.193
-0.040	-0.169
-0.065	-0.155
-0.040	-0.160
-0.034	-0.185
-0.037	-0.196
0.054	-0.211
0.151	-0.213
0.116	-0.192
0.070	-0.175
-0.174	0.201
-0.522	0.858
-0.509	1.265
-0.387	1.343
-0.443	1.152
-0.420	0.724
-0.147	0.176
0.076	-0.293
0.131	-0.570
0.204	-0.687
0.276	-0.704
0.231	-0.603
0.116	-0.444
0.052	-0.309
0.026	-0.203
-0.013	-0.140
-0.019	-0.121
-0.013	-0.139
-0.019	-0.168
-0.011	-0.177
-0.009	-0.194
-0.004	-0.207
0.017	-0.219
0.025	-0.229
0.012	-0.226
0.004	-0.232
-0.005	-0.239
-0.013	-0.245
0.010	-0.244
0.048	-0.250
0.068	-0.257
0.077	-0.248
0.090	-0.252
0.104	-0.261
0.102	-0.269
0.086	-0.263
0.074	-0.255
0.063	-0.257
0.041	-0.248
0.017	-0.227
0.009	-0.213
0.024	-0.212
0.045	-0.218
0.018	-0.204
-0.034	-0.178
-0.034	-0.166
-0.033	-0.171
-0.047	-0.178
-0.022	-0.189
0.002	-0.194
0.025	-0.189
0.050	-0.195
-0.020	-0.152
-0.143	-0.194
-0.140	-0.357
-0.099	-0.473
0.048	-0.589
0.277	-0.793
0.205	-1.022
0.083	-1.162
0.031	-1.510
-0.122	-1.756
-0.271	-1.443
0.000	-1.142
0.266	-0.846
0.029	-0.399
0.099	-0.194
0.266	-0.083
0.069	0.045
-0.146	0.050
-0.211	-0.065
0.151	-0.321
0.304	-0.306
0.112	-0.173
0.209	-0.124
0.101	-0.018
-0.015	0.019
-0.001	0.051
0.006	-0.010
0.019	-0.007
-0.058	-0.011
0.058	-0.042
0.029	-0.017
-0.029	-0.018
0.052	-0.034
0.017	-0.061
-0.011	-0.049
-0.039	-0.057
0.011	-0.066
0.011	-0.051
-0.008	-0.052
0.042	-0.058
0.015	-0.078
0.015	-0.085
0.012	-0.094
-0.005	-0.088
-0.035	-0.066
-0.045	-0.067
-0.005	-0.083
-0.011	-0.113
-0.008	-0.131
0.007	-0.127
0.014	-0.112
-0.008	-0.094
-0.034	-0.080
-0.020	-0.063
-0.024	-0.075
-0.025	-0.090
-0.018	-0.090
-0.013	-0.079
-0.000	-0.064
0.015	-0.056
0.020	-0.066
-0.081	0.179
-0.362	0.169
-0.304	0.144
-0.326	0.407
-0.759	0.314
-1.187	0.586
-1.727	0.824
-0.966	0.474
-0.278	0.424
-0.577	0.552
-0.240	0.336
0.102	0.057
0.154	-0.062
0.055	-0.183
0.275	-0.303
0.319	-0.358
0.124	-0.334
0.269	-0.347
0.229	-0.376
0.076	-0.319
0.049	-0.293
0.154	-0.279
0.079	-0.196
-0.045	-0.115
0.036	-0.091
0.083	-0.088
0.078	-0.086
0.089	-0.134
0.126	-0.203
0.110	-0.225
0.101	-0.225
0.141	-0.205
0.131	-0.178
0.074	-0.146
0.062	-0.136
0.093	-0.139
0.114	-0.113
0.124	-0.097
0.099	-0.089
0.003	-0.082
-0.078	-0.080
-0.034	-0.103
-0.030	-0.187
-0.194	-0.245
-0.247	-0.234
-0.120	-0.204
-0.039	-0.175
0.002	-0.163
0.081	-0.174
0.130	-0.181
0.137	-0.197
0.159	-0.201
0.175	-0.165
0.149	-0.147
0.126	-0.134
0.091	-0.090
0.027	-0.069
-0.003	-0.055
-0.000	-0.023
0.025	-0.031
0.025	-0.092
0.076	-0.201
0.134	-0.241
0.100	-0.172
0.104	-0.134
0.040	-0.140
-0.126	-0.173
-0.068	-0.346
0.057	-0.510
0.054	-0.503
0.186	-0.420
0.270	-0.226
0.005	0.048
-0.198	0.163
0.028	-0.047
0.304	-0.287
0.223	-0.326
0.056	-0.271
0.052	-0.205
-0.001	-0.118
-0.110	0.007
-0.158	0.088
-0.180	0.150
-0.207	0.159
-0.334	0.033
-0.897	0.148
-1.435	0.495
-1.445	0.832
-0.852	0.706
-0.583	0.275
-0.491	0.117
0.422	-0.271
0.814	-0.613
0.322	-0.503
0.197	-0.489
0.086	-0.637
-0.479	-0.435
-0.672	-0.132
-0.367	-0.014
-0.104	-0.035
-0.044	-0.024
0.028	0.028
0.197	0.067
0.587	0.068
0.485	0.091
0.317	-0.006
0.387	-0.087
0.060	0.058
-0.064	0.095
0.060	0.084
0.039	0.127
-0.008	0.160
0.007	0.178
-0.023	0.194
0.012	0.149
0.196	0.028
0.219	-0.012
0.066	0.047
0.006	0.130
-0.056	0.237
-0.115	0.282
-0.129	0.287
-0.160	0.326
-0.181	0.359
-0.151	0.346
-0.122	0.355
-0.125	0.390
-0.116	0.377
-0.114	0.332
-0.116	0.305
-0.112	0.270
-0.125	0.281
-0.134	0.325
-0.139	0.351
-0.123	0.368
-0.103	0.381
-0.146	0.413
-0.178	0.438
-0.145	0.407
-0.106	0.357
-0.067	0.304
0.045	0.377
-0.010	0.508
-0.023	0.495
0.095	0.421
0.004	0.206
-0.308	0.240
-0.344	0.430
-0.161	0.428
-0.112	0.429
-0.034	0.371
-0.077	0.322
-0.358	0.249
-0.539	0.179
-0.389	0.186
-0.280	0.268
-0.180	0.309
-0.017	0.275
0.020	0.274
0.016	0.255
0.030	0.207
-0.005	0.222
-0.057	0.462
-0.107	0.681
-0.151	0.660
-0.127	0.564
-0.051	0.408
0.043	0.448
0.162	0.493
0.188	0.371
0.096	0.299
-0.001	0.243
-0.063	0.197
-0.112	0.173
-0.144	0.180
-0.128	0.183
-0.084	0.168
-0.057	0.145
-0.035	0.129
-0.018	0.142
0.001	0.158
0.027	0.150
0.055	0.129
0.084	0.125
0.047	0.147
-0.072	0.170
-0.135	0.141
-0.128	0.092
-0.118	0.081
-0.055	0.056
0.013	0.035
0.028	0.052
0.033	0.064
0.019	0.077
0.006	0.099
0.017	0.095
0.010	0.098
0.017	0.119
0.043	0.129
0.016	0.162
-0.070	0.191
-0.063	0.145
-0.022	0.099
-0.055	0.090
-0.041	0.074
-0.002	0.066
-0.009	0.078
-0.007	0.071
0.007	0.041
-0.005	0.046
0.006	0.051
0.024	0.057
0.022	0.070
0.017	0.071
0.031	0.076
0.068	0.069
0.072	0.057
0.046	0.048
0.036	0.043
0.042	0.051
0.039	0.063
0.009	0.073
-0.021	0.076
-0.017	0.066
0.018	0.040
0.038	0.022
0.020	0.029
0.009	0.039
0.029	0.042
0.049	0.046
0.039	0.055
0.010	0.061
-0.019	0.064
-0.039	0.070
-0.068	0.080
-0.095	0.078
-0.073	0.060
-0.026	0.046
0.017	0.036
0.046	0.020
0.055	0.022
0.069	0.030
0.088	0.026
0.092	0.018
0.088	0.011
0.091	0.001
0.094	-0.016
0.088	-0.031
0.070	-0.025
0.042	0.006
0.022	0.041
0.014	0.072
0.017	0.074
0.029	0.059
0.029	0.040
0.023	0.013
0.015	-0.002
-0.008	0.006
-0.028	0.019
-0.034	0.035
-0.024	0.052
-0.008	0.059
0.005	0.055
0.007	0.052
0.007	0.047
0.024	0.027
0.046	0.007
0.058	-0.000
0.054	0.011
0.046	0.028
0.043	0.051
0.041	0.061
0.042	0.065
0.058	0.065
0.067	0.054
0.051	0.042
0.032	0.037
0.036	0.036
0.047	0.035
0.057	0.035
0.078	0.027
0.095	0.005
0.077	0.010
0.044	0.032
0.037	0.043
0.027	0.056
0.010	0.065
0.012	0.073
0.023	0.061
0.017	0.042
-0.002	0.046
-0.006	0.037
-0.003	0.028
-0.002	0.030
-0.002	0.027
0.015	0.012
0.041	0.005
0.059	0.025
0.075	0.046
0.075	0.046
0.066	0.031
0.057	0.014
0.029	0.012
-0.008	0.015
-0.028	0.017
-0.032	0.025
-0.015	0.023
0.021	0.012
0.045	0.000
0.051	-0.013
0.056	-0.018
0.034	-0.004
0.002	0.020
-0.011	0.033
-0.029	0.055
-0.039	0.063
-0.014	0.042
0.005	0.029
0.006	0.025
0.011	0.023
0.009	0.035
0.006	0.066
-0.006	0.090
-0.019	0.072
-0.011	0.037
0.007	0.018
0.014	0.009
0.016	0.010
0.041	0.013
0.069	0.015
0.086	0.022
0.087	0.009
0.066	0.005
0.041	0.016
0.036	0.024
0.056	0.023
0.069	0.005
0.066	-0.011
0.052	-0.005
0.031	0.012
0.017	0.018
0.013	0.010
0.021	-0.004
0.027	-0.005
0.028	-0.003
0.032	0.002
0.028	0.017
0.011	0.045
-0.015	0.061
-0.026	0.056
-0.013	0.045
-0.015	0.022
-0.012	-0.002
0.003	-0.006
-0.003	0.009
0.001	0.028
0.012	0.030
0.015	0.019
0.024	0.014
0.129	-0.046
0.102	-0.022
0.033	0.021
0.071	-0.022
0.027	0.002
0.011	0.017
0.020	0.022
0.067	0.011
0.051	0.002
-0.020	0.043
-0.054	0.075
-0.003	0.052
0.099	-0.005
-0.027	0.017
-0.128	0.042
0.012	-0.008
0.088	-0.023
0.066	0.003
0.016	0.042
-0.053	0.073
-0.028	0.067
0.061	0.043
0.061	0.037
-0.011	0.044
0.024	0.020
0.076	0.006
0.035	0.023
0.014	0.011
0.011	0.010
0.019	0.028
0.057	0.031
0.054	0.023
0.021	0.016
0.017	0.009
0.022	0.000
0.024	-0.007
0.041	0.025
0.612	-0.027
-0.076	0.664
-1.015	1.141
-0.428	0.695
-0.331	0.512
-0.399	0.274
0.023	-0.031
0.266	-0.245
-0.021	-0.153
-0.047	-0.077
0.128	-0.173
0.022	-0.052
0.106	-0.058
0.239	-0.128
0.038	0.008
-0.004	-0.011
0.124	-0.089
0.052	-0.036
0.044	-0.028
0.091	-0.047
0.026	-0.018
-0.033	0.028
-0.023	0.009
-0.004	-0.004
0.071	-0.031
0.176	-0.068
0.189	-0.052
0.125	-0.018
0.055	0.008
-0.006	0.027
0.016	0.023
0.112	0.000
0.124	0.023
0.286	0.010
0.340	-0.092
0.500	-0.289
0.400	-0.210
-0.037	-0.014
-0.029	-0.060
-0.068	-0.027
-0.121	0.037
-0.061	0.029
-0.088	0.060
-0.050	0.072
-0.049	0.108
-0.027	0.093
0.136	-0.032
0.204	-0.090
0.066	-0.067
0.022	-0.102
0.060	-0.089
-0.099	0.049
-0.174	0.131
-0.060	0.129
-0.004	0.106
0.023	0.073
0.126	-0.010
0.104	-0.047
0.023	-0.053
0.020	-0.080
-0.011	-0.041
-0.053	0.031
-0.057	0.064
-0.046	0.077
-0.004	0.061
0.000	0.045
-0.043	0.040
-0.078	0.058
-0.044	0.057
0.005	0.030
0.030	0.014
0.017	0.031
0.016	0.045
-0.036	0.065
-0.109	0.061
-0.138	-0.020
-0.229	-0.092
-0.334	-0.115
-0.393	-0.092
-0.398	0.032
-0.441	0.264
-0.620	0.492
-0.897	0.670
-0.685	0.640
-0.158	0.370
0.377	-0.037
1.187	-0.380
1.941	-0.534
2.341	-0.650
2.188	-0.533
1.765	-0.331
1.342	-0.330
0.890	-0.281
0.612	-0.185
0.630	-0.178
0.686	-0.153
1.081	-0.229
1.378	-0.214
1.209	-0.069
1.012	0.014
0.769	0.088
0.647	0.065
0.551	0.053
0.451	0.048
0.398	0.020
0.394	0.011
0.430	0.016
0.485	-0.004
0.509	-0.028
0.515	-0.037
0.515	-0.039
0.495	-0.029
0.456	-0.016
0.428	-0.019
0.416	-0.019
0.396	-0.005
0.396	-0.006
0.406	-0.015
0.398	0.008
0.381	0.016
0.370	0.004
0.363	0.012
0.384	0.003
0.398	-0.009
0.401	-0.009
0.393	-0.001
0.361	0.026
0.340	0.040
0.307	0.045
0.283	0.046
0.268	0.053
0.253	0.057
0.264	0.033
0.288	0.028
0.291	0.057
0.293	0.077
0.289	0.123
0.301	0.180
0.336	0.189
0.381	0.117
0.371	0.069
0.295	0.082
0.259	0.065
0.222	0.056
0.199	0.061
0.218	0.056
0.228	0.068
0.246	0.091
0.266	0.110
0.268	0.097
0.262	0.067
0.249	0.054
0.225	0.065
0.208	0.073
0.199	0.074
0.165	0.097
0.124	0.118
0.106	0.121
0.112	0.116
0.143	0.109
0.164	0.102
0.175	0.101
0.199	0.103
0.199	0.105
0.198	0.100
0.206	0.105
0.190	0.118
0.176	0.126
0.188	0.132
0.200	0.121
0.213	0.099
0.200	0.083
0.166	0.084
0.146	0.094
0.133	0.111
0.128	0.135
0.124	0.140
0.128	0.129
0.139	0.120
0.148	0.106
0.156	0.098
0.147	0.104
0.135	0.107
0.131	0.112
0.128	0.110
0.115	0.107
0.105	0.098
0.116	0.093
0.139	0.093
0.141	0.101
0.128	0.126
0.118	0.144
0.096	0.152
0.078	0.146
0.074	0.138
0.077	0.126
0.081	0.113
0.070	0.115
0.065	0.106
0.078	0.090
0.087	0.080
0.094	0.073
0.105	0.072
0.110	0.087
0.094	0.102
0.073	0.123
0.066	0.150
0.071	0.169
0.079	0.170
0.072	0.164
0.070	0.157
0.068	0.155
0.063	0.168
0.062	0.172
0.048	0.169
0.037	0.175
0.056	0.180
0.081	0.172
0.095	0.171
0.097	0.161
0.083	0.143
0.065	0.146
0.050	0.145
0.051	0.135
0.062	0.133
0.084	0.129
0.099	0.124
0.092	0.117
0.087	0.122
0.080	0.140
0.058	0.153
0.038	0.155
0.028	0.150
0.021	0.143
0.016	0.140
0.019	0.142
0.031	0.139
0.040	0.119
0.051	0.102
0.064	0.090
0.068	0.081
0.054	0.093
0.038	0.123
0.034	0.140
0.034	0.142
0.053	0.130
0.073	0.110
0.070	0.098
0.055	0.089
0.039	0.078
0.039	0.083
0.047	0.095
0.043	0.101
0.033	0.103
0.040	0.111
0.054	0.108
0.057	0.105
0.035	0.119
0.005	0.127
-0.004	0.140
-0.018	0.159
-0.015	0.160
0.012	0.126
0.025	0.070
0.021	0.100
0.011	0.204
0.039	0.191
0.086	0.105
0.077	0.093
0.042	0.105
0.051	0.064
0.048	0.072
0.030	0.122
0.037	0.141
0.004	0.179
-0.020	0.199
0.021	0.156
0.050	0.131
0.062	0.122
0.063	0.114
0.012	0.138
-0.038	0.140
-0.058	0.106
-0.047	0.107
0.039	0.105
0.112	0.076
0.107	0.085
0.083	0.103
0.079	0.103
0.081	0.101
0.079	0.100
0.069	0.103
0.056	0.110
0.094	0.082
0.023	0.098
-0.027	0.083
-0.036	0.059
-0.101	0.078
-0.059	0.033
0.009	-0.015
0.036	0.025
0.030	0.111
0.028	0.120
0.046	0.094
0.031	0.128
-0.013	0.156
-0.014	0.131
0.007	0.143
-0.026	0.191
0.004	0.140
0.051	0.054
0.133	-0.180
0.070	-0.263
-0.148	0.040
-0.178	0.186
-0.069	0.126
0.023	0.105
0.113	0.086
0.270	-0.011
0.320	-0.023
0.417	-0.115
0.585	-0.333
0.633	-0.440
0.591	-0.453
0.398	-0.331
0.108	-0.092
-0.116	0.133
-0.207	0.259
-0.139	0.189
0.046	-0.020
0.319	-0.292
0.553	-0.500
0.575	-0.503
0.444	-0.369
0.278	-0.227
0.130	-0.113
-0.044	0.069
-0.200	0.220
-0.197	0.142
-0.124	-0.020
-0.193	0.045
-0.387	0.377
-0.666	0.762
-0.847	0.990
-0.763	0.965
-0.641	0.726
-0.589	0.270
-0.402	-0.106
-0.218	-0.088
-0.228	0.076
-0.243	0.133
-0.248	0.281
-0.253	0.396
-0.239	0.316
-0.264	0.325
-0.400	0.630
-0.621	1.043
-0.688	1.139
-0.741	1.040
-0.895	1.003
-0.873	0.932
-0.803	0.877
-0.874	0.880
-0.881	0.851
-0.710	0.769
-0.474	0.685
-0.245	0.592
-0.093	0.491
-0.023	0.398
-0.011	0.292
-0.042	0.198
-0.086	0.155
-0.119	0.160
-0.102	0.170
-0.066	0.175
-0.049	0.208
-0.033	0.221
-0.044	0.207
-0.062	0.180
-0.058	0.139
-0.063	0.131
-0.064	0.150
-0.051	0.154
-0.055	0.156
-0.073	0.164
-0.074	0.151
-0.055	0.122
-0.040	0.115
-0.039	0.133
-0.039	0.137
-0.038	0.153
-0.039	0.183
-0.042	0.186
-0.062	0.177
-0.095	0.157
-0.097	0.135
-0.082	0.141
-0.103	0.192
-0.113	0.209
-0.108	0.186
-0.094	0.184
-0.053	0.184
-0.021	0.168
-0.005	0.164
-0.022	0.161
-0.065	0.145
-0.089	0.136
-0.098	0.152
-0.096	0.162
-0.082	0.148
-0.065	0.144
-0.048	0.165
-0.030	0.166
-0.008	0.155
-0.007	0.151
0.009	0.129
0.029	0.099
0.014	0.114
0.016	0.136
-0.009	0.134
-0.071	0.138
-0.077	0.119
-0.028	0.085
-0.002	0.100
-0.012	0.130
-0.017	0.146
-0.019	0.148
-0.030	0.151
-0.018	0.145
0.009	0.100
0.007	0.068
-0.003	0.057
-0.007	0.067
-0.022	0.081
-0.017	0.074
0.001	0.065
0.003	0.085
-0.001	0.107
-0.007	0.114
-0.012	0.111
-0.018	0.107
-0.021	0.115
-0.009	0.124
0.000	0.128
-0.014	0.127
-0.029	0.127
-0.022	0.113
-0.002	0.093
0.019	0.078
0.023	0.062
0.006	0.059
-0.006	0.079
-0.010	0.107
-0.019	0.126
-0.032	0.117
-0.039	0.108
-0.025	0.110
-0.007	0.099
-0.002	0.083
0.001	0.073
0.006	0.069
-0.002	0.087
-0.014	0.108
-0.016	0.103
-0.025	0.101
-0.033	0.105
-0.032	0.105
-0.005	0.099
0.014	0.098
0.008	0.098
0.001	0.089
-0.010	0.082
-0.020	0.079
-0.028	0.072
-0.018	0.075
-0.002	0.082
-0.005	0.100
-0.001	0.106
-0.001	0.091
-0.024	0.088
-0.035	0.097
-0.032	0.092
-0.022	0.090
0.002	0.094
0.016	0.087
-0.003	0.099
-0.024	0.126
-0.013	0.131
0.024	0.114
0.041	0.090
0.033	0.077
0.019	0.072
0.004	0.079
-0.009	0.084
-0.022	0.073
-0.029	0.055
-0.025	0.055
-0.032	0.061
-0.033	0.060
-0.027	0.057
-0.031	0.056
-0.023	0.060
0.003	0.064
0.017	0.076
0.021	0.087
0.024	0.092
0.006	0.105
-0.008	0.107
0.001	0.087
0.002	0.067
-0.007	0.062
-0.011	0.068
-0.001	0.065
0.014	0.057
0.026	0.041
0.040	0.025
0.046	0.024
0.049	0.035
0.040	0.052
0.024	0.087
0.010	0.105
0.005	0.106
0.003	0.116
-0.002	0.128
-0.006	0.119
0.009	0.092
0.045	0.058
0.055	0.050
0.045	0.054
0.035	0.034
0.008	0.023
-0.021	0.027
-0.034	0.019
-0.044	0.014
-0.053	0.021
-0.044	0.028
-0.022	0.038
0.003	0.048
0.324	-0.096
0.338	0.001
0.406	-0.257
0.419	-0.333
0.003	0.080
-0.084	0.034
-0.107	0.070
-0.069	0.080
-0.062	0.109
-0.092	0.116
-0.077	0.038
-0.068	0.092
-0.046	0.139
0.017	0.083
0.048	0.044
0.015	0.072
0.002	0.093
0.024	0.092
0.030	0.093
0.033	0.087
0.068	0.057
0.091	0.036
0.119	0.017
0.090	0.052
-0.004	0.108
-0.038	0.114
-0.033	0.126
0.021	0.090
0.122	0.034
0.161	0.011
0.051	0.112
-0.060	0.198
-0.097	0.158
-0.165	0.164
-0.127	0.132
0.052	0.021
0.147	-0.002
0.152	0.017
0.099	0.031
-0.038	0.098
-0.167	0.153
-0.246	0.178
-0.255	0.189
-0.189	0.188
-0.087	0.147
-0.011	0.104
0.026	0.094
0.068	0.102
0.105	0.134
0.079	0.171
-0.040	0.224
-0.218	0.317
-0.359	0.422
-0.408	0.514
-0.430	0.607
-0.482	0.707
-0.580	0.788
-0.766	0.949
-0.938	1.088
-0.836	0.886
-0.250	0.205
0.543	-0.645
0.951	-0.972
0.787	-0.742
0.561	-0.510
0.295	-0.176
-0.163	0.311
-0.469	0.679
-0.644	0.880
-0.704	0.840
-0.704	0.617
-0.450	0.184
0.107	-0.300
0.462	-0.507
0.556	-0.526
0.244	-0.326
1.235	-1.265
2.867	-2.589
2.742	-2.548
1.919	-1.899
1.159	-1.248
0.480	-0.597
0.009	-0.065
-0.104	0.145
-0.135	0.298
-0.021	0.253
0.151	0.105
0.195	0.105
0.277	0.034
0.338	-0.014
0.282	0.058
0.244	0.070
0.187	0.096
0.121	0.145
0.114	0.139
0.106	0.147
0.100	0.143
0.212	0.040
0.244	0.052
0.203	0.064
0.173	0.054
0.104	0.153
0.132	0.159
0.175	0.142
0.172	0.157
0.159	0.139
0.131	0.119
0.095	0.116
0.140	0.090
0.206	0.113
0.219	0.147
0.211	0.132
0.166	0.137
0.124	0.143
0.119	0.128
0.125	0.122
0.124	0.132
0.115	0.141
0.102	0.143
0.098	0.116
0.101	0.081
0.096	0.065
0.091	0.059
0.096	0.071
0.094	0.085
0.080	0.078
0.080	0.067
0.075	0.096
0.083	0.138
0.092	0.146
0.081	0.152
0.085	0.140
0.083	0.115
0.061	0.122
0.047	0.146
0.043	0.162
0.043	0.148
0.052	0.116
0.063	0.086
0.053	0.090
0.040	0.108
0.039	0.104
0.034	0.102
0.039	0.107
0.056	0.109
0.065	0.106
0.067	0.118
0.086	0.122
0.100	0.110
0.082	0.101
0.053	0.097
0.040	0.098
0.028	0.103
0.019	0.115
0.038	0.122
0.075	0.114
0.097	0.098
0.093	0.095
0.083	0.102
0.071	0.108
0.053	0.099
0.033	0.087
0.044	0.096
0.065	0.107
0.078	0.119
0.085	0.138
0.068	0.139
0.039	0.124
0.015	0.104
0.007	0.135
0.035	0.098
0.046	0.039
-0.027	0.144
-0.011	0.129
0.048	0.063
0.023	0.138
0.021	0.140
0.038	0.101
0.005	0.154
-0.008	0.177
0.010	0.143
-0.000	0.159
-0.028	0.177
-0.080	0.193
-0.126	0.232
-0.096	0.212
-0.011	0.150
0.032	0.130
0.054	0.125
0.086	0.117
0.092	0.134
0.084	0.142
0.069	0.132
0.045	0.122
0.051	0.084
0.101	0.034
0.134	0.021
0.166	0.031
0.191	0.058
-0.032	0.296
-0.135	0.367
-0.046	0.172
-0.055	0.158
-0.003	0.121
0.068	-0.009
0.094	-0.038
0.088	-0.022
0.121	-0.085
0.080	-0.048
-0.019	0.073
-0.055	0.139
-0.046	0.185
0.015	0.161
0.155	0.035
0.306	-0.123
0.430	-0.293
0.503	-0.417
0.415	-0.338
0.214	-0.125
-0.018	0.077
-0.216	0.266
-0.283	0.386
-0.245	0.378
-0.146	0.283
-0.019	0.150
0.102	0.016
0.178	-0.086
0.173	-0.110
0.124	-0.057
0.048	0.025
-0.036	0.095
-0.066	0.110
-0.023	0.050
0.067	-0.056
0.136	-0.150
0.126	-0.146
0.034	-0.033
-0.070	0.105
-0.175	0.264
-0.275	0.419
-0.308	0.474
-0.294	0.447
-0.286	0.428
-0.276	0.419
-0.291	0.437
-0.329	0.462
-0.309	0.424
-0.246	0.343
-0.191	0.247
-0.155	0.177
-0.124	0.126
-0.067	0.056
-0.006	-0.001
0.029	-0.037
0.072	-0.103
0.140	-0.212
0.181	-0.299
0.152	-0.295
0.072	-0.197
-0.064	0.011
-0.073	0.097
0.153	-0.059
0.215	-0.136
-0.147	0.100
-0.480	0.228
-0.396	0.137
-0.317	0.373
-0.479	0.743
-0.603	0.922
-0.563	0.975
-0.415	0.892
-0.258	0.675
-0.175	0.491
-0.144	0.439
-0.058	0.392
0.045	0.358
0.024	0.625
-0.041	0.676
-0.095	0.496
-0.173	0.524
-0.120	0.271
-0.014	-0.043
0.015	-0.065
0.053	-0.058
0.084	-0.078
0.029	0.029
-0.056	0.163
-0.097	0.204
-0.098	0.186
-0.098	0.177
-0.090	0.167
-0.060	0.120
-0.034	0.070
-0.041	0.048
-0.067	0.048
-0.090	0.061
-0.104	0.083
-0.087	0.065
-0.055	0.021
-0.038	0.026
-0.045	0.051
-0.056	0.077
-0.059	0.113
-0.065	0.133
-0.084	0.144
-0.122	0.168
-0.197	0.215
-0.171	0.182
-0.031	0.057
0.031	-0.014
0.047	-0.027
0.052	-0.025
-0.076	0.097
-0.253	0.414
-0.115	0.492
0.228	0.101
0.226	-0.101
-0.052	0.006
-0.139	-0.029
-0.070	-0.130
-0.038	-0.192
0.005	-0.243
0.060	-0.196
0.045	-0.071
-0.013	0.043
-0.018	0.105
0.034	0.085
0.036	0.086
-0.019	0.120
-0.045	0.091
-0.037	0.046
-0.017	0.013
-0.010	-0.020
-0.015	-0.011
-0.025	-0.001
-0.041	0.003
-0.045	0.009
-0.040	-0.005
-0.077	0.022
-0.086	0.031
-0.051	-0.007
-0.028	-0.006
0.012	-0.015
0.016	-0.018
-0.002	-0.019
-0.011	-0.027
-0.044	0.011
-0.060	0.044
-0.044	0.043
-0.035	0.043
-0.036	0.057
-0.043	0.068
-0.058	0.084
-0.059	0.086
-0.058	0.071
-0.059	0.060
-0.048	0.051
-0.044	0.059
-0.037	0.078
-0.026	0.100
-0.027	0.104
-0.033	0.086
-0.037	0.060
-0.049	0.046
-0.065	0.053
-0.069	0.066
-0.067	0.062
-0.049	0.033
-0.024	-0.008
-0.023	0.004
-0.037	0.041
-0.045	0.054
-0.049	0.054
-0.047	0.053
-0.033	0.052
-0.016	0.041
0.005	0.020
0.018	-0.017
0.009	-0.052
-0.002	-0.058
-0.011	-0.046
-0.017	-0.027
-0.018	-0.001
-0.012	0.009
-0.003	0.023
-0.020	0.063
-0.034	0.069
-0.027	0.063
-0.022	0.071
0.004	0.045
0.046	0.022
0.057	-0.002
0.026	-0.017
0.011	0.006
0.042	-0.003
0.062	-0.002
0.051	0.012
0.034	0.004
0.016	0.023
0.013	0.038
0.010	0.026
-0.007	0.038
-0.005	0.011
0.004	-0.038
-0.002	-0.028
-0.016	0.008
-0.003	0.030
0.047	0.037
0.083	-0.004
0.004	0.008
-0.133	0.135
-0.139	0.147
-0.048	0.030
0.014	-0.032
0.044	-0.049
0.052	-0.036
0.027	0.016
0.008	0.015
0.021	-0.012
0.027	-0.005
0.010	-0.000
-0.017	0.026
-0.019	0.053
0.005	0.051
0.017	0.041
0.019	0.018
0.025	-0.013
0.023	-0.021
0.016	-0.024
0.015	-0.046
0.018	-0.048
0.025	-0.045
0.032	-0.038
0.032	-0.014
0.016	0.017
-0.019	0.045
-0.039	0.039
-0.050	0.015
-0.049	-0.000
-0.039	-0.007
-0.040	-0.006
-0.039	-0.009
-0.036	0.002
-0.031	0.024
-0.025	0.028
-0.013	0.021
-0.002	0.014
-0.004	0.011
-0.007	0.010
-0.006	0.006
-0.019	0.011
-0.029	0.017
-0.025	0.011
-0.030	0.000
-0.025	0.006
-0.012	0.019
-0.006	0.017
0.003	0.002
0.017	-0.023
0.024	-0.038
0.025	-0.032
0.034	-0.011
0.035	0.002
0.028	0.006
0.032	0.010
0.052	0.005
0.058	0.020
0.033	0.040
-0.003	0.052
-0.035	0.043
-0.048	0.028
-0.037	0.027
-0.011	0.023
0.008	0.031
0.009	0.023
0.005	0.009
-0.004	0.017
-0.027	0.028
-0.049	0.054
-0.047	0.063
-0.029	0.042
-0.027	0.036
-0.019	0.030
0.001	0.020
0.005	0.012
0.013	-0.010
0.019	0.004
-0.016	0.044
-0.051	0.066
-0.040	0.074
-0.001	0.003
0.037	-0.055
0.047	-0.032
0.024	-0.007
0.009	0.025